# R script for Peak Model
#  -- generated by MACS
p <- c(0.042213713140513635,0.049147097112953786,0.05635558586499746,0.0632889698374376,0.07047143516438366,0.0707651281047712,0.07057924649693098,0.0703338827745819,0.07054207017536294,0.07060526992202862,0.07055322307183336,0.07061642281849903,0.0705086114859517,0.07073910467967356,0.07053835254320613,0.07048630569301087,0.07049374095732448,0.07045284700359963,0.06995840192674466,0.07001044877693992,0.07006249562713518,0.06988033165145176,0.06983943769772691,0.0697464968938068,0.06973162636517959,0.06970932057223876,0.06956805055028019,0.06929666340283347,0.06966842661851391,0.06975021452596361,0.06967586188282753,0.06979854374400206,0.06983200243341331,0.06971675583655237,0.0698208495369429,0.06964983845772989,0.06962381503263226,0.0701740245918393,0.07030414171732746,0.07011826010948724,0.07031901224595467,0.0703338827745819,0.07049374095732448,0.0705829641290878,0.07063501097928306,0.07113689132045165,0.07121867922790133,0.071281878974567,0.07101049182712028,0.07112945605613803,0.0709361391839842,0.07093985681614101,0.0705011762216381,0.07035247093536591,0.07033016514242509,0.06995096666243104,0.0699100727087062,0.06980597900831567,0.06975393215812041,0.06976508505459082,0.06967586188282753,0.06960150923969144,0.07009223668438962,0.07044541173928602,0.07012197774164404,0.07014428353458488,0.07003647220203754,0.0698245671690997,0.07006621325929198,0.07008108378791919,0.06997327245537187,0.07003647220203754,0.06975764979027722,0.06937845131028317,0.06940075710322399,0.0694119099996944,0.06944908632126245,0.06953459186086895,0.06953459186086895,0.06962009740047545,0.06995468429458784,0.06991750797301981,0.06988776691576537,0.06960894450400504,0.06984687296204052,0.07005134273066477,0.06989148454792217,0.06985430822635413,0.07001044877693992,0.06976508505459082,0.0694044747353808,0.06961266213616185,0.0694119099996944,0.06973534399733639,0.0700067311447831,0.06978739084753165,0.06994353139811743,0.06992494323733342,0.06963868556125948,0.06958663871106421,0.06985059059419732,0.0695754858145938,0.06969445004361154,0.06988033165145176,0.06963868556125948,0.06959035634322103,0.06947139211420328,0.06952715659655534,0.06969073241145474,0.06993609613380383,0.07002531930556713,0.07031529461379787,0.07029670645301385,0.0702483772349754,0.07021491854556415,0.07024465960281859,0.07036362383183634,0.0704193883141884,0.07038221199262035,0.07047515279654046,0.07045656463575643,0.070255812499289,0.07043797647497242,0.07035990619967952,0.0704156706820316,0.07070564599026233,0.07081345732280966,0.07092498628751379,0.07066846966869429,0.07075025757614399,0.070597834657715,0.07059039939340139,0.07065359914006707,0.07054578780751974,0.07038592962477716,0.07015915406321209,0.07018889512046653,0.0699881429839991,0.07026696539575941,0.07005134273066477,0.07014800116674168,0.07009595431654642,0.07018889512046653,0.07042682357850201,0.07071308125457594,0.07069077546163512,0.07038964725693396,0.07036362383183634,0.07039708252124757,0.07034503567105231,0.07045284700359963,0.07069449309379192,0.07063501097928306,0.0703338827745819,0.0701703069596825,0.07018889512046653,0.07049374095732448,0.0704193883141884,0.07018517748830971,0.07031529461379787,0.07020748328125055,0.07031529461379787,0.07046771753222685,0.0710959973667268,0.07126329081378299,0.07130046713535103,0.07134136108907588,0.07132277292829185,0.07133392582476226,0.07120380869927412,0.0711145855275108,0.07103279762006112,0.0710179270914339,0.07063501097928306,0.07049002332516768,0.07047515279654046,0.07051232911810851,0.070768845736928,0.07088037470163214,0.07094729208045461,0.0710179270914339,0.0711926558028037,0.07083576311575049,0.07085806890869131,0.07097331550555225,0.07109227973456998,0.07121867922790133,0.07116663237770607,0.07112945605613803,0.0711815029063333,0.07115176184907886,0.07110715026319721,0.07121867922790133,0.07156813665064095,0.07147519584672084,0.07164620692593383,0.0714417371573096,0.07164620692593383,0.07183952379808767,0.07200309961298705,0.07185439432671488,0.07168338324750188,0.07202168777377108,0.07180978274083323,0.07184324143024447,0.07154211322554331,0.07163505402946342,0.07156813665064095,0.07143058426083919,0.0714417371573096,0.07188413538396932,0.07209975804906398,0.07186182959102849,0.07180234747651962,0.07209604041690716,0.07222243991023851,0.07231166308200182,0.07275034367650474,0.0729808368702266,0.07294737818081537,0.07295853107728578,0.07282841395179762,0.07264996760827101,0.0727243202514071,0.07260535602238936,0.07268714392983906,0.07251985048278287,0.07217411069220006,0.07247895652905802,0.07251985048278287,0.07205514646318231,0.07201425250945748,0.07240832151807873,0.07254587390788049,0.07245665073611719,0.07249754468984204,0.07270573209062309,0.07260907365454616,0.07218898122082727,0.07222243991023851,0.07269086156199586,0.07283584921611123,0.07298827213454022,0.0726388147118006,0.07258305022944854,0.0727243202514071,0.07245293310396039,0.07249382705768523,0.0724640860004308,0.07262766181533019,0.07243806257533317,0.07278380236591597,0.07231538071415862,0.07272803788356391,0.07287674316983608,0.07292879002003134,0.07319645953532126,0.07313697742081239,0.07342695272904314,0.0735607874866881,0.07381730410550759,0.07365001065845139,0.07408497362079751,0.07390280964511409,0.0741593262639336,0.07419278495334483,0.07394742123099575,0.07412214994236554,0.07390280964511409,0.07369462224433304,0.07361655196904016,0.07325965928198694,0.07338234114316147,0.07349387010786561,0.07335631771806385,0.07330055323571179,0.07373551619805789,0.07384704516276203,0.0743340549753034,0.07427457286079453,0.07436379603255783,0.07479875899490394,0.07466120660510218,0.07481362952353116,0.07481734715568797,0.0750180992921554,0.07499951113137138,0.07512219299254592,0.0748396529486288,0.07508129903882108,0.07525231011803407,0.07503668745293943,0.07502553455646901,0.0749325937525489,0.07479875899490394,0.07469094766235662,0.0746723595015726,0.07460915975490692,0.07521141616430924,0.07588802521684762,0.07677282167016707,0.0782450040042616,0.07990306794619635,0.08130089763715478,0.08367274695319597,0.08597767889041469,0.0882008229201837,0.09003361557348825,0.09131619866758577,0.09265082861187854,0.09367689508715654,0.09434235124322453,0.09444272731145824,0.09514164215693746,0.0953535471898753,0.09521599480007355,0.09524573585732798,0.09582940410594627,0.09574389856633977,0.09554686406202914,0.09563980486594925,0.09554686406202914,0.09582940410594627,0.09602272097810009,0.09596695649574803,0.09604130913888412,0.09592234490986638,0.09545392325810903,0.09607848546045217,0.09671420055926572,0.09678111793808819,0.09698930533886924,0.09733132749729524,0.09722723379690472,0.09715659878592543,0.0967885532024018,0.09691495269573315,0.09732017460082483,0.09737965671533369,0.09723095142906152,0.09745772699062659,0.0977253965059165,0.09740939777258813,0.09740939777258813,0.0973908096118041,0.09801165418199044,0.09777000809179816,0.09788153705650228,0.09764732623062361,0.09768078492003485,0.09764360859846681,0.09784436073493424,0.09808972445728333,0.09805254813571529,0.09826817080080993,0.09803024234277447,0.09793730153885435,0.09736850381886328,0.09777000809179816,0.09776629045964134,0.09778487862042537,0.09768450255219165,0.09756925595533071,0.09757297358748752,0.09750977384082185,0.09749118568003783,0.09838341739767087,0.0990116972321708,0.09892247406040751,0.09914553198981577,0.0993462841262832,0.09928680201177434,0.09963254180235714,0.10035376244077719,0.10060656142743989,0.10067719643841917,0.10062143195606711,0.10057682037018545,0.10081103119606413,0.10077013724233928,0.10063258485253752,0.10090397199998424,0.1007032198635168,0.1006139966917535,0.10062886722038071,0.10099319517174754,0.10106011255057003,0.10110100650429486,0.10107498307919724,0.10113818282586291,0.10148020498428892,0.10133893496233035,0.10171441581016759,0.10185940346428296,0.10219770799055215,0.10219399035839535,0.10187055636075337,0.10213822587604329,0.10265869437799591,0.10272189412466158,