# R script for Peak Model
#  -- generated by MACS
p <- c(0.04221448013202458,0.04915104448852024,0.056362839816801805,0.06329940417329748,0.07047772546446993,0.07077899179845178,0.07059674426308005,0.07035126799094668,0.07056327022597095,0.07062277962527601,0.07056698956342752,0.07063021830018915,0.07051863817649216,0.07074923709879925,0.07055583155105782,0.07050748016412246,0.07051491883903559,0.0704702867895568,0.06997561490783352,0.07002768563222544,0.07007975635661737,0.06989378948378906,0.0698565961092234,0.06976361267280926,0.06974129664806986,0.06971898062333046,0.06957764579998095,0.0693098535031082,0.0696817872487648,0.06976733201026582,0.06969666459859106,0.06981940273465774,0.06985287677176684,0.0697375773106133,0.06984915743431028,0.06967434857385167,0.06964831321165571,0.07019877515522747,0.0703289519662073,0.07014298509337899,0.07034382931603356,0.07036242600331638,0.07051863817649216,0.07060790227544975,0.07065625366238511,0.07115836421902151,0.07124018964306597,0.0713034183798276,0.07103190674549827,0.07115092554410839,0.07095380065891038,0.07095751999636696,0.07052235751394872,0.07037358401568608,0.07035126799094668,0.06997561490783352,0.06993098285835472,0.06982684140957088,0.06977477068517896,0.06978592869754865,0.06969666459859106,0.06962227784945975,0.07011323039372645,0.07046284811464366,0.07014298509337899,0.07016158178066181,0.07005744033187797,0.06984171875939714,0.07008347569407393,0.07009463370644363,0.06998305358274665,0.07004628231950827,0.06975989333535268,0.06938052091478294,0.0693953982646092,0.06941027561443548,0.06944374965154457,0.06952929441304559,0.06952929441304559,0.06961483917454661,0.06995329888309412,0.0699123861710719,0.0698900701463325,0.06961111983709005,0.0698565961092234,0.07006115966933453,0.06990494749615876,0.06987147345904966,0.07002768563222544,0.06977849002263552,0.0694177142893486,0.06962971652437287,0.06942515296426174,0.069748735322983,0.07002024695731231,0.06980080604737492,0.06995329888309412,0.06993098285835472,0.06964459387419913,0.06959996182472035,0.0698677541215931,0.06958880381235065,0.06971154194841733,0.06989750882124562,0.06965575188656883,0.06960368116217691,0.06948838170102337,0.06954789110032843,0.06971154194841733,0.06994957954563755,0.07003884364459514,0.0703289519662073,0.07031035527892446,0.0702620038919891,0.07022481051742344,0.07025456521707597,0.07036986467822952,0.07042193540262144,0.07038474202805578,0.0704814448019265,0.07046284811464366,0.07026572322944567,0.0704479707648174,0.07037358401568608,0.07043309341499114,0.07071948239914673,0.07082734318538714,0.07094264264654068,0.07068228902458107,0.07076783378608208,0.07061162161290631,0.07060418293799317,0.0706674116747548,0.07055955088851439,0.07039961937788204,0.07018017846794465,0.07020993316759717,0.07000536960748605,0.07028803925418506,0.07006859834424767,0.07016530111811839,0.07010579171881333,0.07019877515522747,0.0704368127524477,0.07072320173660329,0.07070088571186389,0.07039961937788204,0.07036986467822952,0.07040333871533862,0.07035126799094668,0.0704591287771871,0.07070460504932045,0.07064509565001541,0.070340109978577,0.07017273979303151,0.07019133648031435,0.07049632215175276,0.070425654740078,0.07019133648031435,0.07032523262875072,0.07021737184251031,0.0703289519662073,0.0704814448019265,0.07111373216954273,0.0712811023550882,0.07131829572965385,0.07136292777913265,0.07134805042930639,0.07135920844167608,0.07122531229323971,0.07113976753173869,0.0710505034327811,0.0710281874080417,0.07064509565001541,0.07050004148920933,0.0704814448019265,0.07051491883903559,0.07077155312353865,0.07087941390977906,0.07095008132145382,0.07102074873312858,0.07120299626850031,0.0708533785475831,0.0708756945723225,0.07099099403347604,0.07111373216954273,0.07124390898052253,0.07119183825613061,0.07115464488156495,0.07120299626850031,0.07117324156884779,0.07112860951936899,0.07124018964306597,0.07158980736398318,0.0715005432650256,0.07166791345057107,0.07146334989045994,0.0716641941131145,0.0718613189983125,0.0720249698464014,0.07187619634813876,0.07170510682513673,0.07203984719622766,0.07182784496120341,0.07185388032339937,0.07155261398941752,0.0716418780883751,0.07157864935161348,0.07143731452826398,0.07144847254063366,0.07188735436050846,0.07209935659553272,0.07186503833576907,0.07180552893646401,0.07210307593298929,0.07222953340651254,0.07231507816801355,0.07275024065043179,0.07298083957273888,0.07294736553562978,0.07296224288545605,0.07283578541193281,0.07265725721401763,0.07273164396314895,0.0726163445019954,0.07270188926349642,0.07254195775286408,0.07219605936940345,0.07250476437829842,0.07254567709032066,0.07207704057079332,0.0720361278587711,0.0724303776291671,0.07256055444014692,0.07247129034118933,0.07250476437829842,0.07271304727586612,0.07262006383945198,0.07219234003194688,0.0722220947315994,0.07268701191367016,0.07283206607447623,0.07298083957273888,0.07263494118927824,0.07257543178997318,0.07272048595077925,0.07244897431644994,0.0724861676910156,0.0724638516662762,0.07263494118927824,0.07244897431644994,0.07279487269991057,0.07232623618038325,0.07274280197551865,0.07289157547378129,0.07294364619817321,0.0732077191575894,0.07314449042082778,0.07343459874243993,0.07356477555341975,0.07382512917537937,0.07365403965237734,0.07408920213479556,0.07390323526196725,0.07416358888392688,0.07420078225849254,0.07395530598635919,0.07413755352173092,0.07391439327433695,0.07370611037676926,0.0736242849527248,0.07327094789435103,0.07339368603041771,0.07350526615411469,0.07336765066822175,0.07331186060637325,0.07374702308879148,0.07385860321248847,0.07434955575675518,0.07429376569490669,0.07438302979386427,0.0748181922762825,0.07468429612784612,0.0748405083010219,0.0748405083010219,0.07504135252367647,0.07502647517385021,0.07514921330991688,0.07486654366321786,0.07510458126043809,0.07527195144598356,0.07505622987350273,0.0750376331862199,0.07493721107489261,0.0748070342639128,0.0746991734776724,0.074676857452933,0.07460619004125824,0.07520500337176537,0.07588564212631696,0.07677084444097967,0.07824370207377983,0.07990996525432141,0.08130471680053368,0.08367021542290969,0.08597248530852407,0.08819664910755055,0.09003772114855074,0.09132089257106603,0.09265241538051668,0.09368639119344203,0.0943484332607108,0.09444141669712494,0.09514809081387249,0.09536753172380989,0.09522991623791695,0.09526339027502603,0.09584732625570691,0.09576178149420589,0.09556465660900788,0.09564648203305234,0.09555349859663818,0.09582872956842407,0.09602585445362208,0.09596634505431702,0.09604073180344834,0.09591799366738166,0.09544935714785434,0.09607048650310086,0.0967027738707171,0.09677344128239185,0.09698172417995955,0.09733878057578989,0.09722348111463634,0.09714537502804846,0.09676600260747872,0.09689246008100197,0.09729042918885453,0.09734993858815959,0.09720860376481008,0.09743920268711717,0.0977107143214465,0.09739085130018181,0.09739828997509495,0.09738713196272525,0.09801941933034147,0.09777022372075155,0.09788924251936167,0.097654924259598,0.09768467895925052,0.09765120492214144,0.09784461046988287,0.09808636740455966,0.098049174029994,0.09826117626501826,0.09802685800525461,0.09794131324375359,0.09736853527544241,0.09776650438329498,0.09775534637092528,0.09777022372075155,0.09767352094688084,0.09756566016064042,0.09756566016064042,0.09750987009879193,0.09748755407405253,0.09837275638871525,0.09899760508141835,0.09891206031991732,0.09914637857968099,0.09933978412742242,0.09928027472811736,0.09962617311157801,0.10034772457815182,0.10060063952519831,0.10067130693687307,0.10061923621248113,0.10058204283791547,0.10081636109767914,0.10076429037328721,0.10063783289976397,0.10091306387154986,0.10069734229906903,0.10060807820011144,0.10061551687502457,0.10097629260831148,0.1010395213450731,0.10108043405709533,0.1010618373698125,0.10112878544403069,0.10146352581512162,0.10131847165431555,0.10170156341234185,0.10184289823569137,0.10218135794423887,0.10218135794423887,0.1018614949229742,0.10212184854493382,0.1026388364513965,0.10270578452561469,