# R script for Peak Model
#  -- generated by MACS
p <- c(0.039163228491234485,0.045571756789800126,0.05230783209029246,0.05890861623781507,0.06570165623429465,0.0662000973241831,0.06585118856126118,0.06550227979833928,0.06555212390732812,0.06558772684232016,0.06585830914825959,0.06570165623429465,0.06590103267025003,0.06587967090925481,0.06589391208325163,0.065637570951309,0.06585118856126118,0.06618585615018628,0.06593663560524206,0.06612177086720063,0.0659793591272325,0.06652052373911138,0.06606480617121338,0.06614313262819585,0.06633538847715281,0.06686231191503487,0.06660597078309226,0.06685519132803647,0.06702608541599822,0.0671186530469775,0.06727530596094244,0.06738211476591853,0.06773102352884044,0.067916158790799,0.06715425598196953,0.06667717665307632,0.06705456776399185,0.06699760306800459,0.06731090889593447,0.06747468239689781,0.06705456776399185,0.06667717665307632,0.06676974428405559,0.06649916197811616,0.06704744717699344,0.0674675618098994,0.06704744717699344,0.06716137656896794,0.06743907946190579,0.06715425598196953,0.0674675618098994,0.0674675618098994,0.06716137656896794,0.06709017069898388,0.06704032658999504,0.06644931786912732,0.06684095015403965,0.06662021195708906,0.06605768558421497,0.06649204139111775,0.06624994143317194,0.06608616793220859,0.06583694738726438,0.06566605329930263,0.06578710327827553,0.06567317388630103,0.06532426512337912,0.06557348566832334,0.06525305925339506,0.06508928575243171,0.0652957827753855,0.06568741506029785,0.06622857967217671,0.06659172960909544,0.06626418260716875,0.06644931786912732,0.06663445313108587,0.06670565900106994,0.06674126193606197,0.06634962965114963,0.06607904734521018,0.06549515921134087,0.06536698864536956,0.06545243568935044,0.06566605329930263,0.06566605329930263,0.06567317388630103,0.06547379745034565,0.06562332977731218,0.06587967090925481,0.06652052373911138,0.06687655308903169,0.06690503543702532,0.0666629354790795,0.06696912072001097,0.0673465118309265,0.06731802948293288,0.06704032658999504,0.06712577363397591,0.06718273832996316,0.06716849715596634,0.06713289422097432,0.06702608541599822,0.06714713539497112,0.066776864871054,0.06660597078309226,0.06660597078309226,0.06694063837201734,0.06694063837201734,0.06676974428405559,0.06638523258614165,0.06624994143317194,0.06612889145419903,0.06631402671615759,0.06600784147522612,0.06612177086720063,0.06616449438919106,0.06618585615018628,0.06636387082514644,0.06691927661102212,0.06694063837201734,0.0674462000489042,0.06775950587683406,0.06758149120187391,0.06817962050974004,0.06808705287876075,0.06798736466078306,0.0680229675957751,0.06759573237587073,0.0668907942630285,0.06717561774296475,0.06689791485002691,0.06671277958806834,0.06676974428405559,0.0664279561081321,0.06673414134906357,0.06703320600299663,0.06726818537394404,0.06738923535291694,0.06795888231278945,0.06772390294184204,0.06776662646383247,0.06820098227073526,0.06811553522675438,0.06825794696672251,0.06787343526880857,0.06773102352884044,0.0672183412649552,0.06738923535291694,0.0671186530469775,0.06736075300492332,0.06738211476591853,0.0671186530469775,0.06693351778501894,0.06714001480797273,0.06758149120187391,0.06758861178887232,0.06783783233381653,0.06784495292081494,0.06795176172579104,0.06824370579272569,0.06835051459770179,0.06810129405275757,0.06875638805661094,0.06813689698774959,0.06768117941985159,0.06771678235484363,0.06800160583477988,0.06827218814071932,0.06825794696672251,0.06811553522675438,0.06826506755372092,0.06884895568759022,0.06841459988068745,0.06879911157860139,0.06914089975452488,0.06914089975452488,0.06909817623253445,0.06923346738550416,0.06917650268951692,0.06919786445051214,0.069283311494493,0.0691551409285217,0.07000249078133204,0.07013778193430176,0.07023034956528104,0.07065046419818702,0.0706362230241902,0.0704083642402412,0.07035852013125235,0.0707501524161647,0.07081423769915035,0.07060062008919817,0.07032291719626033,0.0704012436532428,0.07024459073927786,0.07004521430332249,0.06963934084441332,0.07013066134730335,0.0707572730031631,0.07031579660926192,0.07041548482723961,0.07037988189224757,0.07014490252130016,0.07009505841231133,0.07023747015227945,0.0702944348482667,0.07064334361118861,0.07059349950219976,0.06993840549834639,0.0701805054562922,0.07047957011022526,0.07042972600123641,0.07067182595918223,0.07117026704907067,0.07126283468004996,0.07094240826512167,0.07084984063414239,0.07065046419818702,0.07060062008919817,0.07082847887314717,0.07031579660926192,0.07048669069722367,0.07028731426126829,0.06989568197635594,0.06980311434537667,0.07038700247924598,0.07061486126319498,0.07114890528807545,0.07171855224794796,0.0714408493550101,0.07162598461696867,0.07118450822306749,0.07082135828614876,0.07094952885212008,0.07090680533012964,0.07055789656720773,0.07107769941809139,0.07046532893622845,0.06999537019433363,0.07025171132627626,0.07048669069722367,0.0714194875940149,0.07162598461696867,0.07198913455388739,0.0721030639458619,0.0725659021007583,0.07206746101086986,0.07235940507780451,0.0731355490606308,0.07321387551761327,0.07309994612563878,0.07277239912371208,0.07319963434361645,0.07319251375661805,0.07334916667058299,0.0727937608847073,0.07280800205870411,0.07300737849465949,0.07262286679674555,0.0727866402977089,0.07300025790766108,0.0731355490606308,0.07342749312756545,0.07324947845260531,0.07348445782355272,0.07461663115629931,0.0749512987452244,0.07522188105116384,0.07554942805309053,0.07549246335710327,0.07530020750814631,0.07536429279113196,0.0755138251180985,0.07535005161713515,0.0752930869211479,0.07484448994024831,0.07500826344121166,0.07446709882933278,0.0746023899823025,0.0739188136304555,0.07421075769739015,0.07444573706833756,0.0739188136304555,0.0741537930014029,0.07406834595742202,0.07391169304345709,0.07403274302242999,0.07452406352532003,0.07443861648133915,0.07522900163816225,0.0756419956840698,0.07555654864008893,0.07627572792692797,0.07671008373383074,0.07691658075678454,0.07717292188872715,0.0768880984087909,0.07715156012773194,0.07777105119659328,0.07832645698246897,0.07920940977027136,0.08056232129996854,0.08175857991570079,0.08299044146642508,0.08454985001907606,0.08671450846659155,0.0889290110230959,0.09103670477462417,0.09219023986836598,0.09310879559116039,0.09371404548602492,0.09513816288570617,0.09543722753963924,0.09621337152246552,0.09726721839822965,0.09694679198330138,0.09753068011717068,0.09758764481315793,0.09823561823001291,0.09860588875393003,0.09884086812487744,0.09852044170994916,0.09932506804076906,0.0997167003256814,0.09933218862776746,0.09951732388972603,0.09918265630080093,0.09922537982279138,0.09898327986484556,0.09900464162584079,0.0990331239738344,0.0993606709757611,0.09923250040978979,0.09909008866982166,0.09897615927784716,0.0992609827577834,0.099253862170785,0.09916841512680412,0.0996953385646862,0.10033619139454275,0.10042875902552204,0.10047860313451087,0.10040739726452681,0.10075630602744873,0.10133307357431963,0.10122626476934354,0.10139003827030688,0.10163213822825269,0.1009628030504025,0.10093432070240888,0.10124050594334034,0.10079902954943916,0.1011906618343515,0.10104825009438338,0.10094856187640569,0.10134731474831644,0.10153957059727341,0.10124050594334034,0.10166062057624632,0.10228723223210608,0.10275007038700248,0.10347637026083992,0.10263614099502798,0.10252221160305348,0.10229435281910448,0.10194544405618257,0.10178167055521922,0.1015182088362782,0.10177454996822081,0.1016392588152511,0.10151108824927979,0.1011835412473531,0.10168198233724154,0.10232995575409651,0.10309897914992439,0.10339092321685904,0.10381103784976502,0.10480079944254349,0.10525651701044149,0.10532060229342714,0.10525651701044149,0.10534196405442237,0.10581904338331558,0.10566951105634904,0.10540604933740802,0.1054914963813889,0.10569799340434267,0.10537756698941439,0.10569087281734427,0.10559830518636498,0.10604690216726458,0.10627476095121359,0.1068657696720813,0.10660230795314027,0.10716483432601437,0.107876893025855,0.10796234006983586,0.10830412824575937,0.10821156061478009,